,tweet_id,favorite_count,retweet_count
0,892420643555336193,38317,8409
1,892177421306343426,32843,6199
2,891815181378084864,24740,4100
3,891689557279858688,41661,8528
4,891327558926688256,39830,9261
5,891087950875897856,20000,3073
6,890971913173991426,11704,2042
7,890729181411237888,64688,18649
8,890609185150312448,27494,4215
9,890240255349198849,31548,7299
10,890006608113172480,30302,7244
11,889880896479866881,27456,4918
12,889665388333682689,47563,9942
13,889638837579907072,26854,4489
14,889531135344209921,14913,2213
15,889278841981685760,25002,5354
16,888917238123831296,28757,4446
17,888804989199671297,25285,4270
18,888554962724278272,19646,3530
19,888078434458587136,21502,3453
20,887705289381826560,29813,5321
21,887517139158093824,45725,11527
22,887473957103951883,68285,17973
23,887343217045368832,33288,10287
24,887101392804085760,30197,5891
25,886983233522544640,34739,7686
26,886736880519319552,11910,3250
27,886680336477933568,22163,4411
28,886366144734445568,20941,3162
29,886267009285017600,116,4
30,886258384151887873,27670,6210
31,886054160059072513,0,103
32,885984800019947520,32314,6726
33,885528943205470208,35581,6357
34,885518971528720385,20192,3711
35,885311592912609280,0,18387
36,885167619883638784,21678,4333
37,884925521741709313,76537,18226
38,884876753390489601,27605,5720
39,884562892145688576,24034,4814
40,884441805382717440,26688,5592
41,884247878851493888,72208,20240
42,884162670584377345,20130,2952
43,883838122936631299,21658,3408
44,883482846933004288,45424,9852
45,883360690899218434,22324,3636
46,883117836046086144,36780,6605
47,882992080364220416,23686,3874
48,882762694511734784,27991,4863
49,882627270321602560,27594,6020
50,882268110199369728,44454,11473
51,882045870035918850,29016,4918
52,881906580714921986,24041,3363
53,881666595344535552,50006,10550
54,881633300179243008,125,7
55,881536004380872706,48888,15793
56,881268444196462592,22831,5113
57,880935762899988482,16830,2755
58,880872448815771648,21045,3779
59,880465832366813184,28222,6217
60,880221127280381952,26766,4171
61,880095782870896641,27341,4319
62,879862464715927552,22090,3463
63,879674319642796034,310,10
64,879492040517615616,23163,3157
65,879415818425184262,104730,43753
66,879376492567855104,16594,3093
67,879130579576475649,0,6768
68,879050749262655488,22333,4683
69,879008229531029506,18782,2670
70,878776093423087618,19213,4094
71,878604707211726852,29941,7134
72,878404777348136964,0,1280
73,878316110768087041,0,6601
74,878281511006478336,7669,1280
75,878057613040115712,41595,6768
76,877736472329191424,78921,18936
77,877611172832227328,0,80
78,877556246731214848,22490,3778
79,877316821321428993,27079,5134
80,877201837425926144,26836,5539
81,876838120628539392,20459,3323
82,876537666061221889,23250,4590
83,876484053909872640,18560,2379
84,876120275196170240,27632,4657
85,875747767867523072,24937,4260
86,875144289856114688,21714,4897
87,875097192612077568,27153,6010
88,875021211251597312,25222,4687
89,874680097055178752,27579,4619
90,874434818259525634,0,14670
91,874296783580663808,25824,4090
92,874057562936811520,22450,3939
93,874012996292530176,34318,10388
94,873580283840344065,24025,3938
95,873337748698140672,0,1583
96,873213775632977920,7186,1583
97,872967104147763200,27160,5393
98,872820683541237760,14608,3690
99,872620804844003328,20626,3694
100,872486979161796608,40387,8999
101,872261713294495745,33970,6319
102,872122724285648897,34255,8116
103,871879754684805121,37805,11189
104,871762521631449091,20163,3477
105,871515927908634625,20115,3455
106,871166179821445120,0,5708
107,871102520638267392,20824,5511
108,871032628920680449,22558,3821
109,870804317367881728,33474,6227
110,870726314365509632,119,3
111,870656317836468226,12367,2658
112,870374049280663552,82440,26334
113,870308999962521604,21762,4173
114,870063196459192321,36597,8403
115,869772420881756160,42327,10091
116,869702957897576449,28204,6378
117,869596645499047938,15955,3149
118,869227993411051520,20418,3810
119,868880397819494401,65660,14626
120,868639477480148993,0,2114
121,868622495443632128,27219,5842
122,868552278524837888,10152,2114
123,867900495410671616,24216,4216
124,867774946302451713,34062,7419
125,867421006826221569,16156,2536
126,867072653475098625,0,123
127,867051520902168576,32337,7961
128,866720684873056260,20158,4875
129,866686824827068416,19408,3531
130,866450705531457537,122829,35765
131,866334964761202691,52841,14670
132,866094527597207552,0,8499
133,865718153858494464,25763,5697
134,865359393868664832,26642,5081
135,865006731092295680,28205,7812
136,864873206498414592,32509,8873
137,864279568663928832,14733,3094
138,864197398364647424,30392,9111
139,863907417377173506,20794,4219
140,863553081350529029,15431,4253
141,863471782782697472,0,2510
142,863432100342583297,24034,5364
143,863427515083354112,2282,99
144,863079547188785154,8846,1119
145,863062471531167744,8616,2510
146,862831371563274240,19353,5185
147,862722525377298433,17244,3608
148,862457590147678208,20762,5064
149,862096992088072192,75359,23833
150,861383897657036800,36488,10942
151,861288531465048066,17384,4255
152,861005113778896900,16923,3896
153,860981674716409858,0,2215
154,860924035999428608,0,843
155,860563773140209665,7603,2215
156,860524505164394496,23943,5407
157,860276583193509888,18542,3562
158,860184849394610176,16916,5982
159,860177593139703809,0,31686
160,859924526012018688,19810,4205
161,859851578198683649,15612,3605
162,859607811541651456,18857,1613
163,859196978902773760,91269,31096
164,859074603037188101,34409,14001
165,858860390427611136,0,8389
166,858843525470990336,15776,3577
167,858471635011153920,21848,4996
168,858107933456039936,15988,3009
169,857989990357356544,16390,2663
170,857746408056729600,34888,10983
171,857393404942143489,6018,1696
172,857263160327368704,20384,4676
173,857214891891077121,233,18
174,857062103051644929,0,176
175,857029823797047296,19307,4147
176,856602993587888130,0,11080
177,856543823941562368,16596,2983
178,856526610513747968,12080,1945
179,856330835276025856,0,702
180,856288084350160898,525,17
181,856282028240666624,28307,6556
182,855862651834028034,354,28
183,855860136149123072,5157,1073
184,855857698524602368,12102,2197
185,855851453814013952,46409,18409
186,855818117272018944,27193,5651
187,855459453768019968,30638,8561
188,855245323840757760,0,6229
189,855138241867124737,0,48
190,854732716440526848,23431,6379
191,854482394044301312,30099,7182
192,854365224396361728,19402,4896
193,854120357044912130,32839,7835
194,854010172552949760,16649,3301
195,853760880890318849,29419,6076
196,853639147608842240,35926,10632
197,853299958564483072,15990,3744
198,852936405516943360,0,2113
199,852912242202992640,9338,1932
200,852672615818899456,15384,2268
201,852553447878664193,16906,3703
202,852311364735569921,34220,10420
203,852226086759018497,20676,7176
204,852189679701164033,11854,1670
205,851953902622658560,0,10172
206,851861385021730816,0,23
207,851591660324737024,16759,3663
208,851464819735769094,25148,7476
209,851224888060895234,21421,6048
210,850753642995093505,32153,9821
211,850380195714523136,13537,2769
212,850333567704068097,3556,353
213,850145622816686080,16937,4054
214,850019790995546112,21238,5189
215,849776966551130114,31649,8055
216,849668094696017920,0,5254
217,849412302885593088,16498,3329
218,849336543269576704,11877,2001
219,849051919805034497,44186,9054
220,848690551926992896,26223,4586
221,848324959059550208,25767,4895
222,848213670039564288,8507,794
223,848212111729840128,17004,3271
224,847978865427394560,0,3461
225,847971574464610304,0,458
226,847962785489326080,24489,5430
227,847842811428974592,5711,1431
228,847617282490613760,7303,451
229,847606175596138505,19576,3611
230,847251039262605312,21324,4573
231,847157206088847362,20849,6246
232,847116187444137987,22365,3401
233,846874817362120707,20975,4186
234,846514051647705089,46668,12407
235,846505985330044928,14772,3300
236,846153765933735936,33133,9686
237,846139713627017216,32276,10534
238,846042936437604353,16713,3088
239,845812042753855489,30671,9347
240,845677943972139009,26268,5116
241,845397057150107648,7982,1939
242,845306882940190720,24407,5774
243,845098359547420673,0,8209
244,844979544864018432,14273,2768
245,844973813909606400,15831,3440
246,844704788403113984,40571,11080
247,844580511645339650,17266,3371
248,844223788422217728,14288,2350
249,843981021012017153,15838,3129
250,843856843873095681,22445,4962
251,843604394117681152,17713,2953
252,843235543001513987,22538,6500
253,842846295480000512,15958,3855
254,842765311967449089,7082,1365
255,842535590457499648,18999,3759
256,842163532590374912,25713,6229
257,842115215311396866,14717,3255
258,841833993020538882,0,16507
259,841680585030541313,26919,8329
260,841439858740625411,13275,3942
261,841320156043304961,20757,5836
262,841314665196081154,16648,5046
263,841077006473256960,24072,5708
264,840761248237133825,0,1889
265,840728873075638272,0,17449
266,840698636975636481,189,2
267,840696689258311684,12937,1057
268,840632337062862849,9435,1889
269,840370681858686976,17328,4901
270,840268004936019968,20296,6175
271,839990271299457024,14142,2474
272,839549326359670784,28995,8389
273,839290600511926273,0,154
274,839239871831150596,28651,7058
275,838952994649550848,20672,4285
276,838921590096166913,11773,2236
277,838916489579200512,0,36
278,838831947270979586,0,11951
279,838561493054533637,11506,1429
280,838476387338051585,23842,5201
281,838201503651401729,0,10915
282,838150277551247360,1772,354
283,838085839343206401,147,0
284,838083903487373313,18602,3404
285,837820167694528512,36076,8499
286,837482249356513284,4048,478
287,837471256429613056,13505,2483
288,837366284874571778,22313,5732
289,837110210464448512,16911,2595
290,836989968035819520,13440,2480
291,836753516572119041,20312,4997
292,836677758902222849,13318,2406
293,836648853927522308,0,593
294,836397794269200385,0,29914
295,836380477523124226,15551,3201
296,836260088725786625,22461,4643
297,836001077879255040,20201,4651
298,835685285446955009,0,8853
299,835574547218894849,18813,3929
300,835536468978302976,0,1846
301,835309094223372289,0,22795
302,835297930240217089,17354,3237
303,835264098648616962,8205,1846
304,835246439529840640,2207,78
305,835172783151792128,27640,6231
306,835152434251116546,23753,3273
307,834931633769889797,11464,1789
308,834786237630337024,22361,5930
309,834574053763584002,14499,2750
310,834477809192075265,0,11591
311,834458053273591808,10184,1817
312,834209720923721728,21824,5198
313,834167344700198914,16675,3941
314,834089966724603904,10636,2304
315,834086379323871233,13831,2406
316,833863086058651648,14198,2612
317,833826103416520705,16245,3734
318,833732339549220864,0,236
319,833722901757046785,21896,3485
320,833479644947025920,15732,2244
321,833124694597443584,21397,5254
322,832998151111966721,14096,2410
323,832769181346996225,0,40
324,832757312314028032,17820,3945
325,832682457690300417,12594,3188
326,832645525019123713,3092,564
327,832636094638288896,16810,3043
328,832397543355072512,12667,2417
329,832369877331693569,18178,3461
330,832273440279240704,11983,2535
331,832215909146226688,0,6735
332,832215726631055365,0,10215
333,832088576586297345,71,2
334,832040443403784192,0,10587
335,832032802820481025,18914,5070
336,831939777352105988,25453,6675
337,831926988323639298,362,35
338,831911600680497154,29349,7105
339,831670449226514432,11079,1975
340,831650051525054464,7617,2113
341,831552930092285952,9554,2501
342,831322785565769729,9738,1661
343,831315979191906304,6920,1213
344,831309418084069378,12447,2661
345,831262627380748289,12638,2233
346,830956169170665475,8466,1628
347,830583320585068544,71054,18387
348,830173239259324417,0,6228
349,830097400375152640,10437,3283
350,829878982036299777,0,5481
351,829861396166877184,12996,2134
352,829501995190984704,33723,11591
353,829449946868879360,11119,2211
354,829374341691346946,36793,10172
355,829141528400556032,26056,8095
356,829011960981237760,56354,17700
357,828801551087042563,0,3713
358,828770345708580865,27183,6429
359,828708714936930305,38933,12276
360,828650029636317184,10107,1471
361,828409743546925057,6690,1256
362,828408677031882754,8131,1403
363,828381636999917570,13437,2426
364,828376505180889089,7855,1162
365,828372645993398273,13330,3208
366,828361771580813312,2336,184
367,828046555563323392,12525,3129
368,828011680017821696,11035,2345
369,827933404142436356,21442,5708
370,827653905312006145,16429,3287
371,827600520311402496,7880,1037
372,827324948884643840,16910,3350
373,827199976799354881,11263,2455
374,826958653328592898,22984,5481
375,826848821049180160,38865,11197
376,826615380357632002,0,4318
377,826598799820865537,5450,279
378,826598365270007810,10734,2567
379,826476773533745153,19627,4587
380,826240494070030336,14143,2829
381,826204788643753985,5204,1018
382,826115272272650244,16710,3429
383,825876512159186944,11155,2043
384,825829644528148480,13584,2725
385,825535076884762624,55531,18850
386,825147591692263424,19522,5009
387,825120256414846976,0,1409
388,825026590719483904,6767,1409
389,824796380199809024,0,6019
390,824775126675836928,15961,3863
391,824663926340194305,10757,1902
392,824325613288833024,12576,11379
393,824297048279236611,16067,4237
394,824025158776213504,5099,647
395,823939628516474880,11373,2974
396,823719002937630720,0,12326
397,823699002998870016,13433,2654
398,823581115634085888,13914,2902
399,823333489516937216,748,29
400,823322678127919110,16820,4407
401,823269594223824897,0,10832
402,822975315408461824,18475,3776
403,822872901745569793,141485,48170
404,822859134160621569,14123,2500
405,822647212903690241,0,7049
406,822610361945911296,15787,3253
407,822489057087389700,19397,7049
408,822462944365645825,30485,16127
409,822244816520155136,37468,10832
410,822163064745328640,0,5285
411,821886076407029760,12150,2572
412,821813639212650496,0,3666
413,821765923262631936,9013,1825
414,821522889702862852,8584,1939
415,821421320206483457,0,6153
416,821407182352777218,12604,4787
417,821153421864615936,272,10
418,821149554670182400,9345,2210
419,821107785811234820,10269,2338
420,821044531881721856,13559,2516
421,820837357901512704,0,7357
422,820749716845686786,33781,10915
423,820690176645140481,13060,3549
424,820494788566847489,0,624
425,820446719150292993,0,2843
426,820314633777061888,3574,624
427,820078625395449857,21213,6909
428,820013781606658049,0,1303
429,819952236453363712,5696,1303
430,819924195358416896,13781,5326
431,819711362133872643,14428,3456
432,819588359383371776,10239,2164
433,819347104292290561,7737,1327
434,819238181065359361,2448,445
435,819227688460238848,24750,7357
436,819015337530290176,0,40358
437,819015331746349057,0,20807
438,819006400881917954,48368,20807
439,819004803107983360,92544,40358
440,818646164899774465,0,22999
441,818627210458333184,23803,8203
442,818614493328580609,10582,2842
443,818588835076603904,0,6774
444,818536468981415936,11705,2731
445,818307523543449600,0,8963
446,818259473185828864,11820,2523
447,818145370475810820,13179,2867
448,817908911860748288,5191,866
449,817827839487737858,55638,29914
450,817777686764523521,11471,2944
451,817536400337801217,12653,3343
452,817502432452313088,0,3741
453,817423860136083457,36722,16507
454,817415592588222464,6035,1062
455,817181837579653120,0,9386
456,817171292965273600,9370,2213
457,817120970343411712,13061,2891
458,817056546584727552,9201,1819
459,816829038950027264,0,5204
460,816816676327063552,10724,2244
461,816697700272001025,10520,2434
462,816450570814898180,32841,8963
463,816336735214911488,9230,2157
464,816091915477250048,9588,2375
465,816062466425819140,0,1149
466,816014286006976512,0,5868
467,815990720817401858,5364,1149
468,815966073409433600,24108,9386
469,815745968457060357,0,4565
470,815736392542261248,10569,2503
471,815639385530101762,8823,1813
472,815390420867969024,11118,4202
473,814986499976527872,8209,1427
474,814638523311648768,12117,2990
475,814578408554463233,0,6411
476,814530161257443328,9305,2047
477,814153002265309185,30919,9605
478,813944609378369540,0,3540
479,813910438903693312,9985,2079
480,813812741911748608,39058,15474
481,813800681631023104,8973,1945
482,813217897535406080,20095,8057
483,813202720496779264,9866,1984
484,813187593374461952,21327,4821
485,813172488309972993,10033,2113
486,813157409116065792,8332,2450
487,813142292504645637,9047,2603
488,813130366689148928,4806,487
489,813127251579564032,12758,3453
490,813112105746448384,11124,3046
491,813096984823349248,11315,3986
492,813081950185472002,10621,3062
493,813066809284972545,8563,2149
494,813051746834595840,22536,8103
495,812781120811126785,8155,2113
496,812747805718642688,0,7670
497,812709060537683968,7126,1578
498,812503143955202048,6541,1353
499,812466873996607488,8595,2124
500,812372279581671427,14742,4051
501,811985624773361665,7809,1549
502,811744202451197953,8127,1785
503,811647686436880384,6009,824
504,811627233043480576,13775,3473
505,811386762094317568,22493,7074
506,810984652412424192,5739,1582
507,810896069567610880,9740,1979
508,810657578271330305,11807,2921
509,810284430598270976,38195,12631
510,810254108431155201,15813,3713
511,809920764300447744,16679,4318
512,809808892968534016,0,5425
513,809448704142938112,7451,1627
514,809220051211603969,21468,6228
515,809084759137812480,14237,3879
516,808838249661788160,10876,3366
517,808733504066486276,8515,2400
518,808501579447930884,12154,2880
519,808344865868283904,45796,22999
520,808134635716833280,0,6593
521,808106460588765185,9386,2425
522,808001312164028416,13546,3914
523,807621403335917568,15699,4078
524,807106840509214720,121431,60038
525,807059379405148160,0,8126
526,807010152071229440,14036,4231
527,806629075125202948,81014,38637
528,806620845233815552,0,6112
529,806576416489959424,5223,2124
530,806542213899489280,11006,2622
531,806242860592926720,0,12965
532,806219024703037440,6911,1326
533,805958939288408065,0,5967
534,805932879469572096,8913,2114
535,805826884734976000,7100,2032
536,805823200554876929,0,8928
537,805520635690676224,6178,1824
538,805487436403003392,9449,2805
539,805207613751304193,8405,1889
540,804738756058218496,14815,4271
541,804475857670639616,6634,2221
542,804413760345620481,0,3567
543,804026241225523202,48140,17980
544,803773340896923648,10836,3069
545,803692223237865472,0,8231
546,803638050916102144,11858,4591
547,803380650405482500,8357,2059
548,803321560782307329,0,5896
549,803276597545603072,10811,2742
550,802952499103731712,9743,2227
551,802624713319034886,0,3248
552,802600418706604034,7680,1629
553,802572683846291456,9641,2776
554,802323869084381190,17535,6477
555,802265048156610565,6905,1506
556,802239329049477120,9795,2885
557,802185808107208704,0,295
558,801958328846974976,8326,1893
559,801854953262350336,1897,260
560,801538201127157760,8840,2281
561,801285448605831168,6545,921
562,801167903437357056,26444,6593
563,801127390143516673,0,4408
564,801115127852503040,8720,2318
565,800859414831898624,746,107
566,800855607700029440,0,1808
567,800751577355128832,11324,3078
568,800513324630806528,14180,3335
569,800459316964663297,10201,2393
570,800443802682937345,0,4785
571,800388270626521089,12034,3109
572,800188575492947969,0,4370
573,800141422401830912,16519,2843
574,800018252395122689,30634,14612
575,799774291445383169,0,5205
576,799757965289017345,9071,2399
577,799422933579902976,8684,2121
578,799308762079035393,0,6144
579,799297110730567681,10705,3075
580,799063482566066176,8747,2730
581,798933969379225600,14215,4971
582,798925684722855936,8030,1593
583,798705661114773508,0,7333
584,798701998996647937,0,8661
585,798697898615730177,0,7218
586,798694562394996736,0,5503
587,798686750113755136,0,2580
588,798682547630837760,0,5242
589,798673117451325440,0,6158
590,798665375516884993,0,4313
591,798644042770751489,0,2050
592,798628517273620480,0,2180
593,798585098161549313,0,6334
594,798576900688019456,0,6515
595,798340744599797760,0,3731
596,798209839306514432,11214,2833
597,797971864723324932,12581,3481
598,797545162159308800,15651,5387
599,797236660651966464,21608,7361
600,797165961484890113,248,29
601,796904159865868288,0,9878
602,796865951799083009,8289,2109
603,796759840936919040,12819,3392
604,796563435802726400,0,8107
605,796484825502875648,8182,1952
606,796387464403357696,11886,4621
607,796177847564038144,0,15876
608,796149749086875649,34957,15876
609,796125600683540480,5332,1978
610,796116448414461957,9808,2685
611,796080075804475393,9123,2571
612,796031486298386433,11668,4096
613,795464331001561088,53826,26436
614,795400264262053889,10911,3177
615,795076730285391872,17541,6019
616,794983741416415232,0,3737
617,794926597468000259,11103,2566
618,794355576146903043,0,11417
619,794332329137291264,10331,2930
620,794205286408003585,9930,3670
621,793962221541933056,18178,5425
622,793845145112371200,9939,2086
623,793614319594401792,0,3460
624,793601777308463104,8614,1817
625,793500921481273345,11557,2644
626,793286476301799424,26592,10215
627,793271401113350145,9337,2626
628,793256262322548741,21586,9250
629,793241302385262592,11365,3636
630,793226087023144960,10631,3177
631,793210959003287553,9648,3122
632,793195938047070209,16492,6236
633,793180763617361921,7472,2206
634,793165685325201412,10151,3086
635,793150605191548928,6661,1893
636,793135492858580992,6992,2771
637,793120401413079041,13709,4339
638,792913359805018113,15491,4458
639,792883833364439040,12220,4737
640,792773781206999040,7933,1862
641,792394556390137856,14555,4756
642,792050063153438720,7759,1991
643,791821351946420224,0,23305
644,791784077045166082,0,10697
645,791780927877898241,0,4207
646,791774931465953280,48756,24615
647,791672322847637504,12699,3460
648,791406955684368384,14184,4565
649,791312159183634433,9486,2818
650,791026214425268224,0,4566
651,790987426131050500,10677,2369
652,790946055508652032,17931,5204
653,790723298204217344,0,2574
654,790698755171364864,8850,2112
655,790581949425475584,22320,7963
656,790337589677002753,8453,2065
657,790277117346975746,13536,3540
658,790227638568808452,0,3959
659,789986466051088384,9985,2574
660,789960241177853952,0,4603
661,789903600034189313,11223,4579
662,789628658055020548,8123,1972
663,789599242079838210,7303,2149
664,789530877013393408,12699,3737
665,789314372632018944,9284,2551
666,789280767834746880,0,5483
667,789268448748703744,9836,2859
668,789137962068021249,10465,3095
669,788908386943430656,29570,13729
670,788765914992902144,29596,11417
671,788552643979468800,0,7976
672,788412144018661376,16845,5872
673,788178268662984705,7813,2346
674,788150585577050112,6641,1441
675,788070120937619456,0,3785
676,788039637453406209,6639,1468
677,787810552592695296,9360,3380
678,787717603741622272,11019,3080
679,787397959788929025,11701,3138
680,787322443945877504,8407,1929
681,787111942498508800,0,7419
682,786963064373534720,28664,8853
683,786729988674449408,0,2678
684,786709082849828864,19606,6735
685,786664955043049472,11508,2843
686,786595970293370880,10144,3431
687,786363235746385920,11765,3884
688,786286427768250368,8600,3163
689,786233965241827333,16509,5285
690,786051337297522688,1552,169
691,786036967502913536,0,7815
692,785927819176054784,12241,3500
693,785872687017132033,7200,2020
694,785639753186217984,8418,2456
695,785533386513321988,9819,2225
696,785515384317313025,6566,1390
697,785264754247995392,7822,1815
698,785170936622350336,13039,5381
699,784826020293709826,10921,3567
700,784517518371221505,9664,2803
701,784431430411685888,6137,1414
702,784183165795655680,21673,8928
703,784057939640352768,32211,12326
704,783839966405230592,32374,11951
705,783821107061198850,7937,2171
706,783695101801398276,11259,3559
707,783466772167098368,9098,2489
708,783391753726550016,18173,6090
709,783347506784731136,0,6191
710,783334639985389568,31486,12965
711,783085703974514689,8764,2453
712,782969140009107456,25958,8126
713,782747134529531904,8042,1540
714,782722598790725632,18581,5967
715,782598640137187329,8372,2069
716,782305867769217024,17946,6153
717,782021823840026624,0,6892
718,781955203444699136,11944,3714
719,781661882474196992,11241,2988
720,781655249211752448,4307,1239
721,781524693396357120,22326,6112
722,781308096455073793,7674,2808
723,781251288990355457,9071,2317
724,781163403222056960,10501,3004
725,780931614150983680,23274,8107
726,780858289093574656,7733,2197
727,780800785462489090,5931,1429
728,780601303617732608,12990,3666
729,780543529827336192,6773,1910
730,780496263422808064,0,4101
731,780476555013349377,0,128
732,780459368902959104,5683,1174
733,780192070812196864,9365,2464
734,780092040432480260,0,2535
735,780074436359819264,13176,5507
736,779834332596887552,20433,7815
737,779377524342161408,9478,3427
738,779124354206535695,0,20295
739,779123168116150273,12695,4015
740,779056095788752897,15913,4987
741,778990705243029504,21541,8024
742,778774459159379968,0,10980
743,778764940568104960,920,404
744,778748913645780993,7411,1471
745,778650543019483137,6200,1644
746,778624900596654080,5002,1118
747,778408200802557953,14657,4794
748,778396591732486144,0,13497
749,778383385161035776,6267,1211
750,778286810187399168,11170,3649
751,778039087836069888,9106,2898
752,778027034220126208,7043,1787
753,777953400541634568,0,3877
754,777885040357281792,6833,1812
755,777684233540206592,12063,3248
756,777641927919427584,0,4677
757,777621514455814149,9419,2745
758,777189768882946048,15376,4772
759,776819012571455488,0,15134
760,776813020089548800,5240,1331
761,776477788987613185,9507,3088
762,776249906839351296,0,10081
763,776218204058357768,32224,17587
764,776201521193218049,10298,2778
765,776113305656188928,12621,4785
766,776088319444877312,1972,167
767,775898661951791106,0,17284
768,775842724423557120,12579,2949
769,775733305207554048,14844,4408
770,775729183532220416,13858,5029
771,775364825476165632,7973,3278
772,775350846108426240,10894,4303
773,775085132600442880,16674,5205
774,774757898236878852,9154,1947
775,774639387460112384,7205,1913
776,774314403806253056,23345,6144
777,773985732834758656,11523,4270
778,773922284943896577,6859,1907
779,773704687002451968,7083,1804
780,773670353721753600,5700,1423
781,773547596996571136,23660,6774
782,773336787167145985,0,5601
783,773308824254029826,24904,8209
784,773247561583001600,10088,3528
785,773191612633579521,10704,4517
786,772877495989305348,9193,4253
787,772826264096874500,8544,2551
788,772615324260794368,0,3696
789,772581559778025472,6940,1849
790,772193107915964416,6434,1518
791,772152991789019136,4052,1229
792,772117678702071809,4012,803
793,772114945936949249,2904,518
794,772102971039580160,4296,1014
795,771908950375665664,7042,2086
796,771770456517009408,12859,3731
797,771500966810099713,8863,2879
798,771380798096281600,11273,5601
799,771171053431250945,0,8301
800,771136648247640064,9847,3213
801,771102124360998913,6675,1573
802,771014301343748096,7354,1814
803,770787852854652928,5312,1341
804,770772759874076672,5562,1554
805,770655142660169732,7840,1908
806,770414278348247044,6737,2260
807,770293558247038976,6683,1634
808,770093767776997377,0,3330
809,770069151037685760,8116,2527
810,769940425801170949,33706,10587
811,769695466921623552,6844,1823
812,769335591808995329,0,8424
813,769212283578875904,5772,1877
814,768970937022709760,15424,7165
815,768909767477751808,0,2960
816,768855141948723200,4485,972
817,768609597686943744,4403,1328
818,768596291618299904,5373,1399
819,768554158521745409,0,6372
820,768473857036525572,14581,3753
821,768193404517830656,11662,3877
822,767884188863397888,5078,1535
823,767754930266464257,17166,5896
824,767500508068192258,8014,2554
825,767191397493538821,13129,4171
826,767122157629476866,10829,3129
827,766864461642756096,0,6203
828,766793450729734144,5433,1485
829,766714921925144576,2786,423
830,766693177336135680,4317,864
831,766423258543644672,6437,1744
832,766313316352462849,7256,2062
833,766078092750233600,0,2843
834,766069199026450432,4580,949
835,766008592277377025,3998,537
836,765719909049503744,7744,2358
837,765669560888528897,5557,1330
838,765395769549590528,28211,3711
839,765371061932261376,7580,2358
840,765222098633691136,12423,3696
841,764857477905154048,6862,1935
842,764259802650378240,6464,1658
843,763956972077010945,790,59
844,763837565564780549,13489,4566
845,763183847194451968,5774,1613
846,763167063695355904,0,3299
847,763103485927849985,7868,2488
848,762699858130116608,13000,3959
849,762471784394268675,12067,7096
850,762464539388485633,11048,4603
851,762316489655476224,5140,1233
852,762035686371364864,34192,17047
853,761976711479193600,5774,2208
854,761750502866649088,0,4311
855,761745352076779520,4542,936
856,761672994376806400,52906,31686
857,761599872357261312,4403,1281
858,761371037149827077,0,19598
859,761334018830917632,5558,1586
860,761292947749015552,4768,1203
861,761227390836215808,5677,1698
862,761004547850530816,12060,3785
863,760893934457552897,4078,1060
864,760656994973933572,7050,2102
865,760641137271070720,5286,1410
866,760539183865880579,8088,3959
867,760521673607086080,4510,1523
868,760290219849637889,28611,12536
869,760252756032651264,4199,944
870,760190180481531904,6084,1976
871,760153949710192640,0,34
872,759943073749200896,6341,2286
873,759923798737051648,15681,6203
874,759846353224826880,7171,2167
875,759793422261743616,6360,2075
876,759566828574212096,0,23076
877,759557299618865152,5023,1282
878,759447681597108224,9051,2678
879,759446261539934208,1782,532
880,759197388317847553,6470,2117
881,759159934323924993,0,1278
882,759099523532779520,15506,4565
883,759047813560868866,6949,2198
884,758854675097526272,3786,975
885,758828659922702336,11929,4180
886,758740312047005698,6110,1747
887,758474966123810816,4076,1081
888,758467244762497024,5124,2428
889,758405701903519748,5547,2101
890,758355060040593408,3660,1187
891,758099635764359168,20483,10980
892,758041019896193024,2890,407
893,757741869644341248,7344,3547
894,757729163776290825,0,8838
895,757725642876129280,4836,1328
896,757611664640446465,4857,1217
897,757597904299253760,0,319
898,757596066325864448,4632,1157
899,757400162377592832,16137,7433
900,757393109802180609,6220,1902
901,757354760399941633,4813,1550
902,756998049151549440,6680,2168
903,756939218950160384,7089,2187
904,756651752796094464,5407,1435
905,756526248105566208,11094,3940
906,756303284449767430,4211,1181
907,756288534030475264,45577,19055
908,756275833623502848,6860,1667
909,755955933503782912,7825,3147
910,755206590534418437,17559,5858
911,755110668769038337,22623,12063
912,754874841593970688,0,8738
913,754856583969079297,7332,2758
914,754747087846248448,2743,569
915,754482103782404096,5658,2125
916,754449512966619136,3984,800
917,754120377874386944,8341,2545
918,753655901052166144,6230,2373
919,753420520834629632,8432,3878
920,753398408988139520,6167,2089
921,753375668877008896,8126,2535
922,753298634498793472,0,6288
923,753294487569522689,3617,1131
924,753039830821511168,39501,22795
925,753026973505581056,4146,1059
926,752932432744185856,13433,7419
927,752917284578922496,7326,1711
928,752701944171524096,0,3141
929,752682090207055872,6383,1747
930,752660715232722944,4696,1717
931,752568224206688256,5900,2487
932,752519690950500352,7860,3748
933,752334515931054080,4060,1192
934,752309394570878976,0,18160
935,752173152931807232,6339,2011
936,751950017322246144,3277,1015
937,751937170840121344,5553,1462
938,751830394383790080,6179,2131
939,751793661361422336,6238,3176
940,751598357617971201,8414,3303
941,751583847268179968,4692,1215
942,751538714308972544,5360,1378
943,751456908746354688,3406,1084
944,751251247299190784,13293,6384
945,751205363882532864,6713,1994
946,751132876104687617,5411,1421
947,750868782890057730,5087,1512
948,750719632563142656,14045,5482
949,750506206503038976,4724,1250
950,750429297815552001,14028,4677
951,750383411068534784,4826,1232
952,750381685133418496,735,33
953,750147208377409536,3288,1050
954,750132105863102464,3858,1383
955,750117059602808832,4597,1413
956,750101899009982464,3232,915
957,750086836815486976,2312,590
958,750071704093859840,8359,3624
959,750056684286914561,3333,971
960,750041628174217216,3375,673
961,750026558547456000,2887,858
962,750011400160841729,3451,991
963,749996283729883136,3221,878
964,749981277374128128,5436,2660
965,749774190421639168,4931,1421
966,749417653287129088,6481,1813
967,749403093750648834,2793,594
968,749395845976588288,9143,3762
969,749317047558017024,5832,2406
970,749075273010798592,6130,2243
971,749064354620928000,5085,1634
972,749036806121881602,3288,846
973,748977405889503236,11380,3686
974,748932637671223296,6206,2451
975,748705597323898880,2931,1028
976,748699167502000129,5024,1734
977,748692773788876800,4495,1443
978,748575535303884801,6433,2164
979,748568946752774144,2311,727
980,748346686624440324,5556,1341
981,748337862848962560,8156,4474
982,748324050481647620,3934,832
983,748307329658011649,3889,773
984,748220828303695873,14984,8433
985,747963614829678593,6139,2327
986,747933425676525569,7025,2766
987,747885874273214464,3133,1071
988,747844099428986880,2975,810
989,747816857231626240,5146,1256
990,747651430853525504,1461,171
991,747648653817413632,13664,6332
992,747600769478692864,2457,594
993,747594051852075008,3913,1139
994,747512671126323200,5882,1715
995,747461612269887489,4099,1117
996,747439450712596480,5753,2079
997,747242308580548608,0,3119
998,747219827526344708,5591,1714
999,747204161125646336,3581,995
1000,747103485104099331,10155,4327
1001,746906459439529985,3059,323
1002,746872823977771008,6351,2325
1003,746818907684614144,5614,1863
1004,746790600704425984,5164,1716
1005,746757706116112384,10137,4207
1006,746726898085036033,6395,1936
1007,746542875601690625,5331,2017
1008,746521445350707200,0,1062
1009,746507379341139972,4902,1167
1010,746369468511756288,6534,1781
1011,746131877086527488,7307,2381
1012,746056683365994496,3755,886
1013,745789745784041472,4268,1153
1014,745712589599014916,7389,2512
1015,745433870967832576,7517,2745
1016,745422732645535745,9075,2630
1017,745314880350101504,7584,2998
1018,745074613265149952,8289,3811
1019,745057283344719872,7651,2458
1020,744995568523612160,3145,675
1021,744971049620602880,8338,2909
1022,744709971296780288,5921,1683
1023,744334592493166593,7161,2310
1024,744234799360020481,165098,84411
1025,744223424764059648,1797,401
1026,743980027717509120,4388,1173
1027,743895849529389061,3853,1031
1028,743835915802583040,0,2254
1029,743609206067040256,4739,1487
1030,743595368194129920,19539,7082
1031,743545585370791937,3723,1010
1032,743510151680958465,8350,3982
1033,743253157753532416,4481,1310
1034,743222593470234624,6551,2053
1035,743210557239623680,4053,1468
1036,742534281772302336,7444,3835
1037,742528092657332225,4693,2154
1038,742465774154047488,7672,4189
1039,742423170473463808,10400,4101
1040,742385895052087300,7179,2147
1041,742161199639494656,4578,1480
1042,742150209887731712,5426,1684
1043,741793263812808706,4819,1629
1044,741743634094141440,8644,2986
1045,741438259667034112,3877,898
1046,741303864243200000,9263,3488
1047,741099773336379392,10609,5972
1048,741067306818797568,9974,3330
1049,740995100998766593,6756,2983
1050,740711788199743490,3594,1003
1051,740699697422163968,2992,842
1052,740676976021798912,19166,7333
1053,740373189193256964,36695,14332
1054,740365076218183684,2617,471
1055,740359016048689152,3485,921
1056,740214038584557568,7067,2120
1057,739979191639244800,21068,6372
1058,739932936087216128,4278,1163
1059,739844404073074688,4002,917
1060,739623569819336705,4021,1461
1061,739606147276148736,5691,1786
1062,739544079319588864,41927,23076
1063,739485634323156992,7595,3167
1064,739238157791694849,122232,62581
1065,738891149612572673,113,6
1066,738885046782832640,3979,1228
1067,738883359779196928,3526,876
1068,738537504001953792,5384,1683
1069,738402415918125056,3451,911
1070,738184450748633089,4549,1303
1071,738166403467907072,9294,3667
1072,738156290900254721,2676,705
1073,737826014890496000,5555,1901
1074,737800304142471168,10543,3724
1075,737678689543020544,5322,1433
1076,737445876994609152,10878,4807
1077,737322739594330112,3808,873
1078,737310737551491075,15491,7969
1079,736736130620620800,4561,1867
1080,736392552031657984,18732,7976
1081,736365877722001409,4208,1347
1082,736225175608430592,8583,2977
1083,736010884653420544,8340,3204
1084,735991953473572864,3803,1233
1085,735648611367784448,4231,1179
1086,735635087207878657,6520,2537
1087,735274964362878976,13717,5460
1088,735256018284875776,3524,950
1089,735137028879360001,3307,1041
1090,734912297295085568,2880,553
1091,734787690684657664,13234,6777
1092,734776360183431168,2643,583
1093,734559631394082816,1572,424
1094,733828123016450049,3791,834
1095,733822306246479872,3870,1082
1096,733482008106668032,3321,1021
1097,733460102733135873,4435,1374
1098,733109485275860992,47051,17284
1099,732732193018155009,2573,575
1100,732726085725589504,3720,953
1101,732585889486888962,3881,825
1102,732375214819057664,8519,2710
1103,732005617171337216,15746,5868
1104,731285275100512256,3674,1057
1105,731156023742988288,4045,1363
1106,730924654643314689,6456,2125
1107,730573383004487680,5187,2314
1108,730427201120833536,3647,1115
1109,730211855403241472,4029,1135
1110,730196704625098752,5148,2057
1111,729854734790754305,4238,1204
1112,729838605770891264,1795,410
1113,729823566028484608,4201,1328
1114,729463711119904772,6121,2474
1115,729113531270991872,1986,349
1116,728986383096946689,3336,879
1117,728760639972315136,4920,1830
1118,728751179681943552,2927,728
1119,728653952833728512,3495,1118
1120,728409960103686147,5179,2157
1121,728387165835677696,3862,1026
1122,728046963732717569,4537,1260
1123,728035342121635841,4789,1789
1124,728015554473250816,4314,1174
1125,727685679342333952,3097,686
1126,727644517743104000,6211,1874
1127,727524757080539137,4702,1312
1128,727314416056803329,3495,803
1129,727286334147182592,3207,874
1130,727175381690781696,4077,1474
1131,727155742655025152,3830,1419
1132,726935089318363137,7252,2630
1133,726887082820554753,4035,1614
1134,726828223124897792,3740,1080
1135,726224900189511680,4646,1235
1136,725842289046749185,7424,2843
1137,725786712245440512,4382,1458
1138,725729321944506368,5461,1910
1139,725458796924002305,1485,668
1140,724983749226668032,3897,1396
1141,724771698126512129,2490,688
1142,724405726123311104,5583,1765
1143,724049859469295616,4548,1894
1144,724046343203856385,2805,597
1145,724004602748780546,4402,1690
1146,723912936180330496,4092,1312
1147,723688335806480385,8119,3195
1148,723673163800948736,3181,956
1149,723179728551723008,5566,2013
1150,722974582966214656,4326,1684
1151,722613351520608256,5212,1753
1152,721503162398597120,4896,2009
1153,721001180231503872,2657,658
1154,720785406564900865,3277,828
1155,720775346191278080,2605,730
1156,720415127506415616,4332,1598
1157,720389942216527872,6746,2703
1158,720340705894408192,3013,1044
1159,720059472081784833,4081,1206
1160,720043174954147842,5151,2151
1161,719991154352222208,5072,1871
1162,719704490224398336,4800,1557
1163,719551379208073216,5312,2072
1164,719367763014393856,2937,793
1165,719339463458033665,4641,1339
1166,719332531645071360,3590,1027
1167,718971898235854848,3664,1176
1168,718939241951195136,5500,1884
1169,718631497683582976,19878,8661
1170,718613305783398402,2562,517
1171,718540630683709445,2618,1083
1172,718460005985447936,2840,566
1173,718454725339934721,5116,1615
1174,718246886998687744,2029,536
1175,718234618122661888,4071,1074
1176,717841801130979328,2571,636
1177,717790033953034240,3039,1210
1178,717537687239008257,6047,1974
1179,717428917016076293,1684,487
1180,717421804990701568,3309,902
1181,717047459982213120,6584,2039
1182,717009362452090881,3449,1045
1183,716802964044845056,4489,1260
1184,716791146589110272,5825,1486
1185,716730379797970944,1292,456
1186,716447146686459905,13779,6309
1187,716439118184652801,2483,229
1188,716285507865542656,2927,1161
1189,716080869887381504,5136,1866
1190,715928423106027520,3350,939
1191,715758151270801409,3936,1519
1192,715733265223708672,4915,1810
1193,715704790270025728,2941,606
1194,715696743237730304,4106,1380
1195,715680795826982913,4551,1736
1196,715360349751484417,5751,1686
1197,715342466308784130,3182,731
1198,715220193576927233,2537,701
1199,715200624753819648,5386,2022
1200,715009755312439296,4376,1324
1201,714982300363173890,3944,1109
1202,714962719905021952,7736,4580
1203,714957620017307648,4352,1520
1204,714631576617938945,3439,1071
1205,714606013974974464,3805,998
1206,714485234495041536,2848,1240
1207,714258258790387713,3159,768
1208,714251586676113411,3433,905
1209,714214115368108032,2387,939
1210,714141408463036416,4528,1500
1211,713919462244790272,3449,830
1212,713909862279876608,2013,583
1213,713900603437621249,2980,797
1214,713761197720473600,5132,1479
1215,713411074226274305,4635,1383
1216,713177543487135744,7574,3036
1217,713175907180089344,4695,1561
1218,712809025985978368,19572,7218
1219,712717840512598017,13006,5369
1220,712668654853337088,4375,1304
1221,712438159032893441,5595,1678
1222,712309440758808576,257,25
1223,712097430750289920,3997,1106
1224,712092745624633345,3097,963
1225,712085617388212225,3418,519
1226,712065007010385924,2383,667
1227,711998809858043904,0,136
1228,711968124745228288,8487,2472
1229,711743778164514816,2993,1060
1230,711732680602345472,9358,4421
1231,711694788429553666,34553,19598
1232,711652651650457602,4073,981
1233,711363825979756544,3848,1215
1234,711306686208872448,3485,786
1235,711008018775851008,3153,665
1236,710997087345876993,4793,1492
1237,710844581445812225,2678,739
1238,710833117892898816,2829,576
1239,710658690886586372,2431,606
1240,710609963652087808,5051,2520
1241,710588934686908417,4794,2011
1242,710296729921429505,2489,788
1243,710283270106132480,2244,552
1244,710272297844797440,4762,1352
1245,710269109699739648,2530,1209
1246,710153181850935296,3064,962
1247,710140971284037632,2916,959
1248,710117014656950272,5790,2130
1249,709918798883774466,3141,1145
1250,709901256215666688,708,106
1251,709852847387627521,3686,1282
1252,709566166965075968,3731,1295
1253,709556954897764353,3456,1141
1254,709519240576036864,1569,256
1255,709449600415961088,2348,634
1256,709409458133323776,2758,745
1257,709225125749587968,2531,612
1258,709207347839836162,13281,6262
1259,709198395643068416,2546,687
1260,709179584944730112,2125,722
1261,709158332880297985,2153,449
1262,709042156699303936,5009,1758
1263,708853462201716736,1894,704
1264,708845821941387268,3136,963
1265,708834316713893888,1789,541
1266,708810915978854401,17373,7462
1267,708738143638450176,2886,873
1268,708711088997666817,2686,783
1269,708479650088034305,2685,724
1270,708469915515297792,3247,881
1271,708400866336894977,16866,10869
1272,708356463048204288,3810,1436
1273,708349470027751425,2475,789
1274,708149363256774660,4504,1656
1275,708130923141795840,3563,896
1276,708119489313951744,2828,1053
1277,708109389455101952,2035,579
1278,708026248782585858,4601,2057
1279,707995814724026368,3284,1206
1280,707983188426153984,51,2
1281,707969809498152960,2851,1042
1282,707776935007539200,3448,1017
1283,707741517457260545,2630,655
1284,707738799544082433,4320,2653
1285,707693576495472641,3625,1076
1286,707629649552134146,2716,944
1287,707610948723478529,17869,6892
1288,707420581654872064,2396,740
1289,707411934438625280,2405,643
1290,707387676719185920,3698,1397
1291,707377100785885184,3467,1160
1292,707315916783140866,2609,688
1293,707297311098011648,2915,855
1294,707059547140169728,2715,728
1295,707038192327901184,2319,853
1296,707021089608753152,4291,1470
1297,707014260413456384,2433,645
1298,706904523814649856,15371,8424
1299,706901761596989440,2179,644
1300,706681918348251136,3504,1041
1301,706644897839910912,2721,1177
1302,706593038911545345,2278,670
1303,706538006853918722,3648,1516
1304,706516534877929472,3265,1111
1305,706346369204748288,3633,992
1306,706310011488698368,22606,8588
1307,706291001778950144,1797,501
1308,706265994973601792,2882,985
1309,706169069255446529,4117,2390
1310,706166467411222528,5433,1729
1311,706153300320784384,1574,413
1312,705975130514706432,3268,796
1313,705970349788291072,3313,957
1314,705898680587526145,2505,600
1315,705786532653883392,2057,567
1316,705591895322394625,3339,1235
1317,705475953783398401,3120,997
1318,705442520700944385,4700,1771
1319,705428427625635840,4034,1819
1320,705239209544720384,3160,809
1321,705223444686888960,2732,867
1322,705102439679201280,2270,549
1323,705066031337840642,2295,651
1324,704871453724954624,4507,1195
1325,704859558691414016,2386,586
1326,704847917308362754,5401,1646
1327,704819833553219584,2786,1073
1328,704761120771465216,7006,3119
1329,704499785726889984,3103,1076
1330,704491224099647488,809,90
1331,704480331685040129,3583,1138
1332,704364645503647744,8483,3825
1333,704347321748819968,1675,376
1334,704134088924532736,1598,502
1335,704113298707505153,1966,606
1336,704054845121142784,3086,986
1337,703774238772166656,1948,500
1338,703769065844768768,3479,1221
1339,703631701117943808,2740,745
1340,703611486317502464,4080,1632
1341,703425003149250560,4008,1487
1342,703407252292673536,2596,752
1343,703382836347330562,3703,1227
1344,703356393781329922,2022,417
1345,703268521220972544,2079,588
1346,703079050210877440,7792,3337
1347,703041949650034688,27866,13497
1348,702932127499816960,2734,778
1349,702899151802126337,1704,483
1350,702684942141153280,3398,1160
1351,702671118226825216,2314,604
1352,702598099714314240,10920,3521
1353,702539513671897089,3033,1027
1354,702332542343577600,3374,1670
1355,702321140488925184,3461,1106
1356,702276748847800320,2616,821
1357,702217446468493312,5077,1443
1358,701981390485725185,3638,1067
1359,701952816642965504,4018,1102
1360,701889187134500865,3763,1478
1361,701805642395348998,3627,1825
1362,701601587219795968,2207,491
1363,701570477911896070,2978,1004
1364,701545186879471618,2809,659
1365,701214700881756160,12920,5503
1366,700890391244103680,2344,617
1367,700864154249383937,2739,660
1368,700847567345688576,2571,538
1369,700796979434098688,2574,1033
1370,700747788515020802,24127,10081
1371,700518061187723268,2793,860
1372,700505138482569216,2410,615
1373,700462010979500032,4381,1936
1374,700167517596164096,2800,800
1375,700151421916807169,2367,711
1376,700143752053182464,7965,2960
1377,700062718104104960,2793,746
1378,700029284593901568,2187,628
1379,700002074055016451,3500,1447
1380,699801817392291840,3226,1033
1381,699788877217865730,2375,533
1382,699779630832685056,2930,1333
1383,699775878809702401,2075,652
1384,699691744225525762,10844,4942
1385,699446877801091073,6266,2808
1386,699434518667751424,2288,547
1387,699423671849451520,1450,356
1388,699413908797464576,2180,665
1389,699370870310113280,1989,472
1390,699323444782047232,3334,928
1391,699088579889332224,2366,675
1392,699079609774645248,2587,706
1393,699072405256409088,3174,1274
1394,699060279947165696,3993,1946
1395,699036661657767936,2754,1285
1396,698989035503689728,3575,1061
1397,698953797952008193,2864,971
1398,698907974262222848,2683,667
1399,698710712454139905,2618,736
1400,698703483621523456,1532,406
1401,698635131305795584,1360,366
1402,698549713696649216,2451,662
1403,698355670425473025,1977,486
1404,698342080612007937,2392,1018
1405,698262614669991936,5020,2164
1406,698195409219559425,17718,6411
1407,698178924120031232,2961,791
1408,697995514407682048,1617,359
1409,697990423684476929,3477,1390
1410,697943111201378304,2544,743
1411,697881462549430272,3190,1276
1412,697630435728322560,1848,579
1413,697616773278015490,3342,1086
1414,697596423848730625,3212,1357
1415,697575480820686848,2159,541
1416,697516214579523584,2192,1216
1417,697482927769255936,2562,725
1418,697463031882764288,3604,1480
1419,697270446429966336,4935,2000
1420,697259378236399616,3470,1072
1421,697255105972801536,3187,1250
1422,697242256848379904,2660,714
1423,696900204696625153,3373,1103
1424,696894894812565505,2480,731
1425,696886256886657024,5110,1927
1426,696877980375769088,2578,764
1427,696754882863349760,1557,384
1428,696744641916489729,2185,1012
1429,696713835009417216,2516,699
1430,696518437233913856,4113,1821
1431,696490539101908992,1289,156
1432,696488710901260288,2682,1111
1433,696405997980676096,3398,1224
1434,696100768806522880,2050,716
1435,695816827381944320,3176,1259
1436,695794761660297217,3371,843
1437,695767669421768709,1978,800
1438,695629776980148225,4826,2259
1439,695446424020918272,4611,1946
1440,695409464418041856,9119,3836
1441,695314793360662529,3853,1585
1442,695095422348574720,2796,661
1443,695074328191332352,3006,1189
1444,695064344191721472,1701,648
1445,695051054296211456,2821,846
1446,694925794720792577,2847,981
1447,694905863685980160,2917,1003
1448,694669722378485760,37761,15558
1449,694356675654983680,1596,312
1450,694352839993344000,2154,669
1451,694342028726001664,1670,525
1452,694329668942569472,2121,539
1453,694206574471057408,4434,2180
1454,694183373896572928,3113,998
1455,694001791655137281,3585,1111
1456,693993230313091072,1977,436
1457,693942351086120961,1832,398
1458,693647888581312512,2857,637
1459,693644216740769793,1422,137
1460,693642232151285760,2686,447
1461,693629975228977152,2585,862
1462,693622659251335168,1632,399
1463,693590843962331137,5353,2121
1464,693582294167244802,1735,274
1465,693486665285931008,1881,678
1466,693280720173801472,3558,1334
1467,693267061318012928,2530,880
1468,693262851218264065,2358,539
1469,693231807727280129,3027,790
1470,693155686491000832,8347,3446
1471,693109034023534592,1823,661
1472,693095443459342336,1989,499
1473,692919143163629568,2829,801
1474,692905862751522816,2581,946
1475,692901601640583168,1895,653
1476,692894228850999298,2414,870
1477,692828166163931137,3040,950
1478,692752401762250755,7220,3912
1479,692568918515392513,4600,1655
1480,692535307825213440,3375,1461
1481,692530551048294401,1950,453
1482,692423280028966913,1560,248
1483,692417313023332352,9879,3741
1484,692187005137076224,2671,880
1485,692158366030913536,2280,854
1486,692142790915014657,1736,424
1487,692041934689402880,3601,1369
1488,692017291282812928,3028,1026
1489,691820333922455552,4177,1779
1490,691793053716221953,8580,4520
1491,691756958957883396,3056,1100
1492,691675652215414786,2058,547
1493,691483041324204033,2514,608
1494,691459709405118465,4299,1241
1495,691444869282295808,2800,914
1496,691416866452082688,20454,8231
1497,691321916024623104,2722,710
1498,691096613310316544,3134,960
1499,691090071332753408,1805,360
1500,690989312272396288,6249,3094
1501,690959652130045952,3794,1354
1502,690938899477221376,4375,2154
1503,690932576555528194,3478,1105
1504,690735892932222976,4006,1382
1505,690728923253055490,2299,559
1506,690690673629138944,2463,858
1507,690649993829576704,1384,302
1508,690607260360429569,305,17
1509,690597161306841088,2083,648
1510,690400367696297985,1981,489
1511,690374419777196032,3445,929
1512,690360449368465409,2801,960
1513,690348396616552449,1592,551
1514,690248561355657216,1780,441
1515,690021994562220032,2963,1114
1516,690015576308211712,2655,794
1517,690005060500217858,3878,1813
1518,689999384604450816,1511,403
1519,689993469801164801,1553,491
1520,689977555533848577,1447,481
1521,689905486972461056,2575,746
1522,689877686181715968,3191,1278
1523,689835978131935233,2289,816
1524,689661964914655233,3390,1004
1525,689659372465688576,10971,4192
1526,689623661272240129,2361,696
1527,689599056876867584,12306,5958
1528,689557536375177216,2170,497
1529,689517482558820352,3589,1543
1530,689289219123089408,2387,1006
1531,689283819090870273,3487,1194
1532,689280876073582592,2117,775
1533,689275259254616065,1226,264
1534,689255633275777024,2709,1165
1535,689154315265683456,3239,1082
1536,689143371370250240,2140,554
1537,688916208532455424,2890,940
1538,688908934925697024,2237,834
1539,688898160958271489,2228,849
1540,688894073864884227,2364,747
1541,688828561667567616,1465,399
1542,688804835492233216,1016,211
1543,688789766343622656,2345,718
1544,688547210804498433,2757,758
1545,688519176466644993,2445,790
1546,688385280030670848,9843,4802
1547,688211956440801280,2352,903
1548,688179443353796608,2240,634
1549,688116655151435777,2986,846
1550,688064179421470721,1825,388
1551,687841446767013888,5784,2729
1552,687826841265172480,2889,1218
1553,687818504314159109,2648,1022
1554,687807801670897665,2532,756
1555,687732144991551489,1867,706
1556,687704180304273409,2583,903
1557,687664829264453632,2053,552
1558,687494652870668288,2027,620
1559,687480748861947905,1692,263
1560,687476254459715584,2088,574
1561,687460506001633280,2161,586
1562,687399393394311168,2007,679
1563,687317306314240000,21266,9878
1564,687312378585812992,4610,2049
1565,687127927494963200,5784,2467
1566,687124485711986689,2291,546
1567,687109925361856513,6147,2662
1568,687102708889812993,2478,1068
1569,687096057537363968,2377,654
1570,686947101016735744,9104,3428
1571,686760001961103360,3720,1484
1572,686749460672679938,3675,1575
1573,686730991906516992,4391,1290
1574,686683045143953408,2976,865
1575,686618349602762752,3892,1463
1576,686606069955735556,2004,583
1577,686394059078897668,1851,734
1578,686386521809772549,3444,947
1579,686377065986265092,2351,603
1580,686358356425093120,2325,737
1581,686286779679375361,4239,1798
1582,686050296934563840,2335,789
1583,686035780142297088,1221,131
1584,686034024800862208,3304,1259
1585,686007916130873345,2619,452
1586,686003207160610816,1928,681
1587,685973236358713344,2231,568
1588,685943807276412928,1723,652
1589,685906723014619143,7962,3143
1590,685681090388975616,2149,137
1591,685667379192414208,2482,621
1592,685663452032069632,3442,1579
1593,685641971164143616,3108,838
1594,685547936038666240,34852,16935
1595,685532292383666176,3221,1238
1596,685325112850124800,10032,4311
1597,685321586178670592,2807,693
1598,685315239903100929,3548,1166
1599,685307451701334016,2190,475
1600,685268753634967552,3284,1302
1601,685198997565345792,2468,719
1602,685169283572338688,4334,1537
1603,684969860808454144,2499,412
1604,684959798585110529,7218,3387
1605,684940049151070208,3408,1125
1606,684926975086034944,3704,506
1607,684914660081053696,3711,1572
1608,684902183876321280,1990,570
1609,684880619965411328,2225,886
1610,684830982659280897,37090,23305
1611,684800227459624960,2865,1076
1612,684594889858887680,9459,3817
1613,684588130326986752,4363,1518
1614,684567543613382656,3188,1330
1615,684538444857667585,2808,1033
1616,684481074559381504,4097,1261
1617,684460069371654144,2095,598
1618,684241637099323392,8634,3565
1619,684225744407494656,1311,229
1620,684222868335505415,4067,1492
1621,684200372118904832,2290,1116
1622,684195085588783105,2030,560
1623,684188786104872960,3683,1265
1624,684177701129875456,2133,729
1625,684147889187209216,3153,1621
1626,684122891630342144,2110,514
1627,684097758874210310,4348,1555
1628,683857920510050305,4033,1205
1629,683852578183077888,2036,378
1630,683849932751646720,2774,1060
1631,683834909291606017,2776,1197
1632,683828599284170753,2961,1144
1633,683773439333797890,3539,1464
1634,683742671509258241,6885,3597
1635,683515932363329536,7795,3141
1636,683498322573824003,3353,1036
1637,683481228088049664,2786,1073
1638,683462770029932544,2579,722
1639,683449695444799489,4123,1738
1640,683391852557561860,8054,2580
1641,683357973142474752,3104,1015
1642,683142553609318400,3049,1122
1643,683111407806746624,3595,985
1644,683098815881154561,2294,712
1645,683078886620553216,2093,606
1646,683030066213818368,2277,791
1647,682962037429899265,39108,18047
1648,682808988178739200,1874,194
1649,682788441537560576,2613,1211
1650,682750546109968385,1609,473
1651,682697186228989953,1389,387
1652,682662431982772225,3218,1166
1653,682638830361513985,2168,648
1654,682429480204398592,3627,1256
1655,682406705142087680,8021,1904
1656,682393905736888321,2362,741
1657,682389078323662849,1765,504
1658,682303737705140231,3258,1078
1659,682259524040966145,4409,1315
1660,682242692827447297,3438,1279
1661,682088079302213632,19360,10697
1662,682059653698686977,5249,1831
1663,682047327939461121,3396,1043
1664,682032003584274432,6952,2171
1665,682003177596559360,3330,1652
1666,681981167097122816,2939,1112
1667,681891461017812993,2609,893
1668,681694085539872773,13492,4370
1669,681679526984871937,1859,482
1670,681654059175129088,2792,1001
1671,681610798867845120,2017,511
1672,681579835668455424,3745,1411
1673,681523177663676416,15129,6288
1674,681340665377193984,1733,302
1675,681339448655802368,9819,4387
1676,681320187870711809,2803,820
1677,681302363064414209,4176,1980
1678,681297372102656000,3371,1032
1679,681281657291280384,3401,1190
1680,681261549936340994,1538,297
1681,681242418453299201,1585,585
1682,681231109724700672,2530,521
1683,681193455364796417,3923,1612
1684,680970795137544192,2564,719
1685,680959110691590145,4812,2154
1686,680940246314430465,3403,1140
1687,680934982542561280,2196,476
1688,680913438424612864,2527,667
1689,680889648562991104,1863,395
1690,680836378243002368,3651,1435
1691,680805554198020098,2290,715
1692,680801747103793152,2500,894
1693,680798457301471234,3020,1121
1694,680609293079592961,2781,772
1695,680583894916304897,3820,1450
1696,680497766108381184,4469,2063
1697,680494726643068929,1806,520
1698,680473011644985345,2684,805
1699,680440374763077632,1535,546
1700,680221482581123072,1535,310
1701,680206703334408192,2986,1268
1702,680191257256136705,2266,546
1703,680176173301628928,4114,1692
1704,680161097740095489,2439,792
1705,680145970311643136,3814,1878
1706,680130881361686529,2419,1023
1707,680115823365742593,2865,979
1708,680100725817409536,3768,1477
1709,680085611152338944,13494,9614
1710,680070545539371008,2710,947
1711,680055455951884288,17618,7670
1712,679877062409191424,2073,691
1713,679872969355714560,2294,714
1714,679862121895714818,2596,671
1715,679854723806179328,3021,1333
1716,679844490799091713,2498,828
1717,679828447187857408,38221,15134
1718,679777920601223168,3247,1205
1719,679736210798047232,2205,858
1720,679729593985699840,2279,884
1721,679722016581222400,1742,508
1722,679530280114372609,5024,2235
1723,679527802031484928,2787,780
1724,679511351870550016,3552,1378
1725,679503373272485890,3327,1596
1726,679475951516934144,2211,687
1727,679462823135686656,33452,20295
1728,679405845277462528,2510,1294
1729,679158373988876288,22651,8738
1730,679148763231985668,2916,1108
1731,679132435750195208,3123,1244
1732,679111216690831360,6268,2745
1733,679062614270468097,17977,8838
1734,679047485189439488,2373,734
1735,679001094530465792,2969,1327
1736,678991772295516161,2442,1267
1737,678969228704284672,1725,497
1738,678800283649069056,2706,972
1739,678798276842360832,3662,1277
1740,678774928607469569,2935,993
1741,678767140346941444,3711,1469
1742,678764513869611008,1715,514
1743,678755239630127104,7510,3559
1744,678740035362037760,3949,1833
1745,678708137298427904,5841,2615
1746,678675843183484930,3019,1595
1747,678643457146150913,2154,457
1748,678446151570427904,4200,1691
1749,678424312106393600,5685,2733
1750,678410210315247616,4446,1960
1751,678399652199309312,81641,33845
1752,678396796259975168,1669,451
1753,678389028614488064,1962,452
1754,678380236862578688,2560,970
1755,678341075375947776,1809,579
1756,678334497360859136,1366,286
1757,678278586130948096,12029,6514
1758,678255464182861824,1661,399
1759,678023323247357953,2022,416
1760,678021115718029313,14431,6827
1761,677961670166224897,3582,1807
1762,677918531514703872,1412,440
1763,677895101218201600,5060,2259
1764,677716515794329600,3196,1036
1765,677700003327029250,3558,1543
1766,677698403548192770,1283,340
1767,677687604918272002,2594,902
1768,677673981332312066,3503,1610
1769,677662372920729601,2041,1047
1770,677644091929329666,1969,852
1771,677573743309385728,2240,776
1772,677565715327688705,1350,487
1773,677557565589463040,2549,1245
1774,677547928504967168,7253,3891
1775,677530072887205888,1121,242
1776,677335745548390400,3192,1918
1777,677334615166730240,1420,314
1778,677331501395156992,1137,253
1779,677328882937298944,3799,1597
1780,677314812125323265,1716,574
1781,677301033169788928,1303,437
1782,677269281705472000,2085,753
1783,677228873407442944,3708,1746
1784,677187300187611136,2857,985
1785,676975532580409345,2898,1144
1786,676957860086095872,2310,862
1787,676949632774234114,1359,423
1788,676948236477857792,2277,931
1789,676946864479084545,1778,404
1790,676942428000112642,2164,812
1791,676936541936185344,13270,5242
1792,676916996760600576,3099,1920
1793,676897532954456065,2357,772
1794,676864501615042560,2203,759
1795,676821958043033607,24100,16664
1796,676819651066732545,1881,706
1797,676811746707918848,1477,452
1798,676776431406465024,5208,2141
1799,676617503762681856,3022,1048
1800,676613908052996102,1140,207
1801,676606785097199616,1965,467
1802,676603393314578432,1225,417
1803,676593408224403456,4772,2298
1804,676590572941893632,958,135
1805,676588346097852417,2441,854
1806,676582956622721024,1258,300
1807,676575501977128964,2701,1193
1808,676533798876651520,1958,595
1809,676496375194980353,1584,569
1810,676470639084101634,12119,4965
1811,676440007570247681,1796,712
1812,676430933382295552,1460,366
1813,676263575653122048,2169,582
1814,676237365392908289,1276,314
1815,676219687039057920,78064,33014
1816,676215927814406144,1813,625
1817,676191832485810177,2372,1091
1818,676146341966438401,1995,712
1819,676121918416756736,2232,1236
1820,676101918813499392,2927,1230
1821,676098748976615425,3134,1530
1822,676089483918516224,1372,456
1823,675898130735476737,1705,608
1824,675891555769696257,2223,929
1825,675888385639251968,2469,1019
1826,675878199931371520,4349,1484
1827,675870721063669760,1711,605
1828,675853064436391936,2799,1380
1829,675849018447167488,979,162
1830,675845657354215424,2378,945
1831,675822767435051008,1585,566
1832,675820929667219457,1093,244
1833,675798442703122432,10650,3593
1834,675781562965868544,1689,504
1835,675740360753160193,1211,367
1836,675710890956750848,1967,880
1837,675707330206547968,2065,738
1838,675706639471788032,670,103
1839,675534494439489536,1882,443
1840,675531475945709568,1225,410
1841,675522403582218240,1079,303
1842,675517828909424640,1356,487
1843,675501075957489664,17770,6158
1844,675497103322386432,3256,1377
1845,675489971617296384,1349,630
1846,675483430902214656,1917,1026
1847,675432746517426176,1585,597
1848,675372240448454658,1763,536
1849,675362609739206656,1084,242
1850,675354435921575936,33983,18160
1851,675349384339542016,4059,2390
1852,675334060156301312,2881,1365
1853,675166823650848770,3739,1713
1854,675153376133427200,6514,2754
1855,675149409102012420,3878,1775
1856,675147105808306176,978,254
1857,675146535592706048,1240,330
1858,675145476954566656,2211,954
1859,675135153782571009,1344,522
1860,675113801096802304,2020,823
1861,675111688094527488,998,266
1862,675109292475830276,2898,1199
1863,675047298674663426,1096,345
1864,675015141583413248,2810,1264
1865,675006312288268288,1014,239
1866,675003128568291329,1603,501
1867,674999807681908736,2326,1163
1868,674805413498527744,891,372
1869,674800520222154752,3108,906
1870,674793399141146624,2587,1152
1871,674790488185167872,1143,268
1872,674788554665512960,837,219
1873,674781762103414784,2071,1272
1874,674774481756377088,1167,502
1875,674767892831932416,1890,839
1876,674764817387900928,811,251
1877,674754018082705410,1404,471
1878,674752233200820224,1509,487
1879,674743008475090944,1451,582
1880,674742531037511680,505,54
1881,674739953134403584,1149,418
1882,674737130913071104,665,96
1883,674690135443775488,1186,492
1884,674670581682434048,1672,688
1885,674664755118911488,954,267
1886,674646392044941312,1486,526
1887,674644256330530816,1063,284
1888,674638615994089473,1742,611
1889,674632714662858753,1551,605
1890,674606911342424069,963,103
1891,674468880899788800,6423,2169
1892,674447403907457024,1094,375
1893,674436901579923456,1152,414
1894,674422304705744896,1481,559
1895,674416750885273600,705,147
1896,674410619106390016,1234,486
1897,674394782723014656,1547,603
1898,674372068062928900,873,325
1899,674330906434379776,580,76
1900,674318007229923329,1457,542
1901,674307341513269249,11683,7283
1902,674291837063053312,15220,6191
1903,674271431610523648,1614,765
1904,674269164442398721,927,238
1905,674265582246694913,1690,892
1906,674262580978937856,1342,479
1907,674255168825880576,1514,587
1908,674082852460433408,778,179
1909,674075285688614912,1009,301
1910,674063288070742018,6561,2334
1911,674053186244734976,3423,1365
1912,674051556661161984,1488,504
1913,674045139690631169,1463,670
1914,674042553264685056,741,135
1915,674038233588723717,1132,428
1916,674036086168010753,869,226
1917,674024893172875264,1838,1289
1918,674019345211760640,1170,313
1919,674014384960745472,1610,679
1920,674008982932058114,1234,369
1921,673956914389192708,2005,1010
1922,673919437611909120,1200,384
1923,673906403526995968,3285,1695
1924,673887867907739649,959,263
1925,673716320723169284,3155,795
1926,673715861853720576,3639,2185
1927,673711475735838725,1068,310
1928,673709992831262724,874,284
1929,673708611235921920,1105,300
1930,673707060090052608,1126,407
1931,673705679337693185,1290,415
1932,673700254269775872,1477,596
1933,673697980713705472,3911,2052
1934,673689733134946305,1785,680
1935,673688752737402881,1300,519
1936,673686845050527744,1487,456
1937,673680198160809984,1408,486
1938,673662677122719744,1283,378
1939,673656262056419329,737,253
1940,673636718965334016,1148,381
1941,673612854080196609,1632,754
1942,673583129559498752,1224,385
1943,673580926094458881,852,276
1944,673576835670777856,1423,586
1945,673363615379013632,1050,323
1946,673359818736984064,1489,700
1947,673355879178194945,1532,609
1948,673352124999274496,1695,562
1949,673350198937153538,760,222
1950,673345638550134785,2597,1337
1951,673343217010679808,1000,280
1952,673342308415348736,1302,613
1953,673320132811366400,13836,8301
1954,673317986296586240,888,272
1955,673295268553605120,7713,3299
1956,673270968295534593,1093,385
1957,673240798075449344,1453,762
1958,673213039743795200,2313,882
1959,673148804208660480,1740,655
1960,672997845381865473,2015,751
1961,672995267319328768,977,309
1962,672988786805112832,1002,303
1963,672984142909456390,1280,564
1964,672980819271634944,1857,1039
1965,672975131468300288,1721,952
1966,672970152493887488,974,370
1967,672968025906282496,1347,568
1968,672964561327235073,1457,666
1969,672902681409806336,1401,526
1970,672898206762672129,916,438
1971,672884426393653248,1589,858
1972,672877615439593473,1054,381
1973,672834301050937345,1344,591
1974,672828477930868736,1279,510
1975,672640509974827008,995,334
1976,672622327801233409,1325,515
1977,672614745925664768,1253,607
1978,672609152938721280,1142,404
1979,672604026190569472,1141,419
1980,672594978741354496,1358,627
1981,672591762242805761,971,345
1982,672591271085670400,746,194
1983,672538107540070400,1054,383
1984,672523490734551040,660,178
1985,672488522314567680,1145,455
1986,672482722825261057,1163,631
1987,672481316919734272,731,128
1988,672475084225949696,1469,727
1989,672466075045466113,1385,559
1990,672272411274932228,6614,3521
1991,672267570918129665,1534,636
1992,672264251789176834,1172,353
1993,672256522047614977,2885,1613
1994,672254177670729728,1469,767
1995,672248013293752320,1769,631
1996,672245253877968896,701,162
1997,672239279297454080,915,330
1998,672231046314901505,1882,1050
1999,672222792075620352,803,220
2000,672205392827572224,2317,1200
2001,672169685991993344,1044,383
2002,672160042234327040,890,372
2003,672139350159835138,1788,744
2004,672125275208069120,2464,1188
2005,672095186491711488,1019,379
2006,672082170312290304,964,378
2007,672068090318987265,1327,533
2008,671896809300709376,8667,4313
2009,671891728106971137,1360,589
2010,671882082306625538,3554,1429
2011,671879137494245376,1454,713
2012,671874878652489728,1281,579
2013,671866342182637568,1152,520
2014,671855973984772097,930,469
2015,671789708968640512,7236,3623
2016,671768281401958400,1227,544
2017,671763349865160704,1722,957
2018,671744970634719232,1379,798
2019,671743150407421952,756,238
2020,671735591348891648,1481,782
2021,671729906628341761,8721,4533
2022,671561002136281088,13148,7498
2023,671550332464455680,940,215
2024,671547767500775424,1384,618
2025,671544874165002241,2035,1085
2026,671542985629241344,1118,588
2027,671538301157904385,949,411
2028,671536543010570240,1207,424
2029,671533943490011136,1042,599
2030,671528761649688577,857,267
2031,671520732782923777,1430,545
2032,671518598289059840,971,303
2033,671511350426865664,1651,755
2034,671504605491109889,7205,3667
2035,671497587707535361,938,462
2036,671488513339211776,1034,487
2037,671486386088865792,594,212
2038,671485057807351808,781,239
2039,671390180817915904,1454,761
2040,671362598324076544,1137,302
2041,671357843010908160,408,151
2042,671355857343524864,489,117
2043,671347597085433856,988,446
2044,671186162933985280,752,222
2045,671182547775299584,1151,358
2046,671166507850801152,894,366
2047,671163268581498880,1702,1148
2048,671159727754231808,385,84
2049,671154572044468225,740,226
2050,671151324042559489,690,160
2051,671147085991960577,691,237
2052,671141549288370177,1200,676
2053,671138694582165504,959,420
2054,671134062904504320,769,200
2055,671122204919246848,3582,2615
2056,671115716440031232,1392,801
2057,671109016219725825,1170,457
2058,670995969505435648,1132,303
2059,670842764863651840,25146,9072
2060,670840546554966016,610,205
2061,670838202509447168,1140,723
2062,670833812859932673,461,128
2063,670832455012716544,750,226
2064,670826280409919488,5696,4219
2065,670823764196741120,796,198
2066,670822709593571328,629,100
2067,670815497391357952,3248,1601
2068,670811965569282048,1157,279
2069,670807719151067136,1180,507
2070,670804601705242624,2020,991
2071,670803562457407488,350,91
2072,670797304698376195,753,246
2073,670792680469889025,853,288
2074,670789397210615808,676,249
2075,670786190031921152,615,209
2076,670783437142401025,836,410
2077,670782429121134593,1607,802
2078,670780561024270336,800,297
2079,670778058496974848,337,74
2080,670764103623966721,1102,438
2081,670755717859713024,456,116
2082,670733412878163972,986,528
2083,670727704916926465,851,375
2084,670717338665226240,1245,512
2085,670704688707301377,783,384
2086,670691627984359425,602,252
2087,670679630144274432,764,297
2088,670676092097810432,259,45
2089,670668383499735048,10988,5239
2090,670474236058800128,1569,793
2091,670468609693655041,360,87
2092,670465786746662913,994,575
2093,670452855871037440,560,215
2094,670449342516494336,1222,695
2095,670444955656130560,6874,2050
2096,670442337873600512,662,204
2097,670435821946826752,1076,540
2098,670434127938719744,1440,671
2099,670433248821026816,333,118
2100,670428280563085312,1416,657
2101,670427002554466305,530,171
2102,670421925039075328,1344,660
2103,670420569653809152,643,329
2104,670417414769758208,583,336
2105,670411370698022913,2083,936
2106,670408998013820928,569,233
2107,670403879788544000,445,163
2108,670385711116361728,576,220
2109,670374371102445568,762,278
2110,670361874861563904,338,69
2111,670338931251150849,439,116
2112,670319130621435904,3949,1278
2113,670303360680108032,436,139
2114,670290420111441920,725,298
2115,670093938074779648,1059,349
2116,670086499208155136,714,262
2117,670079681849372674,2274,1297
2118,670073503555706880,1608,821
2119,670069087419133954,647,252
2120,670061506722140161,783,353
2121,670055038660800512,684,343
2122,670046952931721218,661,181
2123,670040295598354432,771,115
2124,670037189829525505,600,289
2125,670003130994700288,342,96
2126,669993076832759809,333,87
2127,669972011175813120,456,168
2128,669970042633789440,310,63
2129,669942763794931712,522,173
2130,669926384437997569,385,109
2131,669923323644657664,242,59
2132,669753178989142016,834,418
2133,669749430875258880,278,67
2134,669684865554620416,536,91
2135,669683899023405056,398,114
2136,669682095984410625,363,137
2137,669680153564442624,683,300
2138,669661792646373376,823,456
2139,669625907762618368,3621,1879
2140,669603084620980224,967,382
2141,669597912108789760,525,157
2142,669583744538451968,1525,967
2143,669573570759163904,447,147
2144,669571471778410496,1625,1050
2145,669567591774625800,241,59
2146,669564461267722241,397,128
2147,669393256313184256,376,79
2148,669375718304980992,1374,756
2149,669371483794317312,509,187
2150,669367896104181761,474,164
2151,669363888236994561,645,237
2152,669359674819481600,377,128
2153,669354382627049472,2779,1318
2154,669353438988365824,663,266
2155,669351434509529089,452,195
2156,669328503091937280,1033,432
2157,669327207240699904,588,120
2158,669324657376567296,508,214
2159,669216679721873412,1215,416
2160,669214165781868544,452,178
2161,669203728096960512,1030,497
2162,669037058363662336,678,324
2163,669015743032369152,756,385
2164,669006782128353280,592,260
2165,669000397445533696,21364,6601
2166,668994913074286592,452,242
2167,668992363537309700,765,359
2168,668989615043424256,698,339
2169,668988183816871936,923,490
2170,668986018524233728,566,173
2171,668981893510119424,553,319
2172,668979806671884288,811,362
2173,668975677807423489,1338,604
2174,668967877119254528,151,25
2175,668960084974809088,724,248
2176,668955713004314625,286,74
2177,668932921458302977,274,59
2178,668902994700836864,326,105
2179,668892474547511297,408,156
2180,668872652652679168,541,310
2181,668852170888998912,464,173
2182,668826086256599040,447,144
2183,668815180734689280,586,282
2184,668779399630725120,721,382
2185,668655139528511488,543,226
2186,668645506898350081,915,560
2187,668643542311546881,902,549
2188,668641109086707712,1099,558
2189,668636665813057536,1069,505
2190,668633411083464705,2887,1712
2191,668631377374486528,738,327
2192,668627278264475648,326,118
2193,668625577880875008,398,140
2194,668623201287675904,1481,803
2195,668620235289837568,209,45
2196,668614819948453888,623,325
2197,668587383441514497,1701,1118
2198,668567822092664832,252,59
2199,668544745690562560,533,237
2200,668542336805281792,473,223
2201,668537837512433665,256,78
2202,668528771708952576,474,233
2203,668507509523615744,335,111
2204,668496999348633600,421,136
2205,668484198282485761,436,242
2206,668480044826800133,472,153
2207,668466899341221888,902,532
2208,668297328638447616,634,307
2209,668291999406125056,253,32
2210,668286279830867968,519,142
2211,668274247790391296,845,237
2212,668268907921326080,565,244
2213,668256321989451776,1336,639
2214,668248472370458624,1015,502
2215,668237644992782336,6357,2947
2216,668226093875376128,306,107
2217,668221241640230912,521,204
2218,668204964695683073,564,200
2219,668190681446379520,666,200
2220,668171859951755264,503,202
2221,668154635664932864,508,326
2222,668142349051129856,577,296
2223,668113020489474048,676,252
2224,667937095915278337,1296,818
2225,667924896115245057,307,114
2226,667915453470232577,214,58
2227,667911425562669056,498,313
2228,667902449697558528,864,385
2229,667886921285246976,1926,1124
2230,667885044254572545,838,505
2231,667878741721415682,400,122
2232,667873844930215936,641,418
2233,667866724293877760,3055,1062
2234,667861340749471744,246,79
2235,667832474953625600,293,63
2236,667806454573760512,1075,512
2237,667801013445750784,335,97
2238,667793409583771648,713,336
2239,667782464991965184,420,250
2240,667773195014021121,240,58
2241,667766675769573376,449,224
2242,667728196545200128,382,152
2243,667724302356258817,493,327
2244,667550904950915073,0,35
2245,667550882905632768,0,33
2246,667549055577362432,5891,2340
2247,667546741521195010,338,128
2248,667544320556335104,881,538
2249,667538891197542400,209,67
2250,667534815156183040,832,553
2251,667530908589760512,478,246
2252,667524857454854144,1728,1140
2253,667517642048163840,374,196
2254,667509364010450944,6879,2180
2255,667502640335572993,539,223
2256,667495797102141441,531,280
2257,667491009379606528,540,232
2258,667470559035432960,259,100
2259,667455448082227200,194,60
2260,667453023279554560,319,91
2261,667443425659232256,797,594
2262,667437278097252352,452,244
2263,667435689202614272,308,85
2264,667405339315146752,473,222
2265,667393430834667520,198,58
2266,667369227918143488,373,167
2267,667211855547486208,499,245
2268,667200525029539841,622,265
2269,667192066997374976,391,109
2270,667188689915760640,755,425
2271,667182792070062081,14511,6334
2272,667177989038297088,193,55
2273,667176164155375616,616,469
2274,667174963120574464,248,84
2275,667171260800061440,224,91
2276,667165590075940865,2723,1166
2277,667160273090932737,261,62
2278,667152164079423490,48358,17448
2279,667138269671505920,4670,2254
2280,667119796878725120,332,128
2281,667090893657276420,339,129
2282,667073648344346624,408,125
2283,667070482143944705,84,14
2284,667065535570550784,168,48
2285,667062181243039745,220,55
2286,667044094246576128,186,51
2287,667012601033924608,453,226
2288,666996132027977728,247,96
2289,666983947667116034,2575,996
2290,666837028449972224,828,560
2291,666835007768551424,218,80
2292,666826780179869698,256,97
2293,666817836334096384,524,256
2294,666804364988780544,244,94
2295,666786068205871104,766,488
2296,666781792255496192,391,199
2297,666776908487630848,353,175
2298,666739327293083650,239,66
2299,666701168228331520,432,219
2300,666691418707132416,190,47
2301,666649482315059201,996,609
2302,666644823164719104,233,83
2303,666454714377183233,521,208
2304,666447344410484738,105,20
2305,666437273139982337,125,48
2306,666435652385423360,165,53
2307,666430724426358785,318,197
2308,666428276349472768,165,83
2309,666421158376562688,315,111
2310,666418789513326592,124,46
2311,666411507551481857,441,324
2312,666407126856765440,108,40
2313,666396247373291520,167,84
2314,666373753744588802,186,92
2315,666362758909284353,773,565
2316,666353288456101888,219,71
2317,666345417576210432,292,134
2318,666337882303524864,197,90
2319,666293911632134144,497,352
2320,666287406224695296,146,64
2321,666273097616637952,174,76
2322,666268910803644416,102,35
2323,666104133288665088,14204,6515
2324,666102155909144576,80,12
2325,666099513787052032,153,67
2326,666094000022159362,163,73
2327,666082916733198337,116,44
2328,666073100786774016,319,163
2329,666071193221509120,145,59
2330,666063827256086533,471,216
2331,666058600524156928,111,57
2332,666057090499244032,294,141
2333,666055525042405380,433,246
2334,666051853826850816,1210,843
2335,666050758794694657,132,59
2336,666049248165822465,108,40
2337,666044226329800704,296,139
2338,666033412701032449,125,44
2339,666029285002620928,128,47
2340,666020888022790149,2549,508
